0 0
1 0
2 0
3 0
4 1
5 2
6 2
7 1
8 2
9 0
10 1
11 0
12 2
13 1
14 1
15 0
16 0
17 3
18 4
19 3
20 3
21 2
22 5
23 4
24 4
25 3
26 2
27 2
28 2
29 2
30 2
31 5
32 4
33 4
34 4
35 3
36 3
37 3
38 4
39 4
40 3
41 2
42 2
43 1
44 2
45 1
46 3
47 2
48 2
49 1
50 0
51 2
52 1
53 1
54 1
55 1
56 2
57 4
58 3
59 3
60 2
61 1
62 0
63 0
64 1
65 2
66 1
67 2
68 2
69 1
70 0
71 2
72 4
73 3
74 5
75 9
76 8
77 8
78 11
79 12
80 12
81 11
82 10
83 10
84 10
85 13
86 14
87 14
88 14
89 14
90 14
91 14
92 13
93 14
94 15
95 15
96 17
97 16
98 16
99 17
100 17
101 16
102 16
103 16
104 16
105 15
106 14
107 14
108 13
109 13
110 12
111 12
112 12
113 12
114 11
115 11
116 11
117 10
118 11
119 13
120 12
121 11
122 11
123 11
124 11
125 11
126 12
127 11
128 11
129 12
130 12
131 12
132 12
133 11
134 11
135 10
136 10
137 9
138 9
139 9
140 8
141 9
142 8
143 7
144 7
145 6
146 6
147 5
148 6
149 8
150 7
151 6
152 6
153 6
154 5
155 4
156 5
157 4
158 6
159 5
160 6
161 7
162 6
163 6
164 6
165 6
166 7
167 7
168 8
169 9
170 8
171 9
172 8
173 7
174 7
175 7
176 7
177 6
178 6
179 6
180 6
181 6
182 5
183 6
184 6
185 7
186 7
187 7
188 9
189 8
190 8
191 8
192 11
193 10
194 9
195 9
196 10
197 9
198 8
199 11
200 11
201 10
202 10
203 9
204 8
205 12
206 11
207 11
208 10
209 10
210 9
211 10
212 10
213 10
214 9
215 11
216 11
217 10
218 10
219 11
220 11
221 12
222 11
223 11
224 10
225 11
226 11
227 11
228 10
229 10
230 10
231 10
232 9
233 11
234 11
235 10
236 10
237 10
238 11
239 11
240 10
241 10
242 12
243 13
244 12
245 11
246 11
247 10
248 9
249 8
250 8
251 9
252 8
253 9
254 9
255 11
256 10
257 11
258 12
259 12
260 11
261 10
262 10
263 10
264 10
265 11
266 10
267 10
268 9
269 8
270 8
271 8
272 9
273 8
274 10
275 10
276 9
277 9
278 10
279 10
280 9
281 8
282 8
283 8
284 8
285 8
286 7
287 7
288 7
289 7
290 7
291 10
292 12
293 15
294 15
295 14
296 14
297 13
298 13
299 12
300 12
301 11
302 11
303 10
304 13
305 16
306 15
307 15
308 14
309 13
310 13
311 13
312 13
313 12
314 14
315 15
316 15
317 14
318 14
319 14
320 13
321 13
322 14
323 13
324 13
325 12
326 12
327 12
328 13
329 12
330 11
331 11
332 10
333 11
334 10
335 9
336 9
337 8
338 8
339 7
340 6
341 5
342 4
343 3
344 4
345 3
346 2
347 3
348 3
349 3
350 2
351 1
352 0
353 0
354 3
355 3
356 3
357 3
358 5
359 4
360 6
361 6
362 6
363 5
364 5
365 4
366 4
367 4
368 4
369 4
370 4
371 4
372 3
373 3
374 2
375 1
376 0
377 1
378 1
379 0
380 1
381 0
382 1
383 2
384 2
385 3
386 4
387 4
388 4
389 4
390 3
391 3
392 2
393 3
394 3
395 4
396 4
397 4
398 4
399 4
400 4
401 4
402 5
403 5
404 6
405 7
406 5
407 6
408 7
409 7
410 8
411 7
412 8
413 8
414 9
415 8
416 7
417 8
418 9
419 7
420 7
421 8
422 9
423 10
424 10
425 10
426 11
427 12
428 12
429 13
430 14
431 14
432 15
433 13
434 14
435 14
436 15
437 15
438 14
439 13
440 12
441 9
442 9
443 9
444 9
445 9
446 9
447 9
448 8
449 9
450 10
451 10
452 11
453 11
454 10
455 11
456 10
457 10
458 11
459 11
460 9
461 9
462 10
463 10
464 9
465 7
466 7
467 8
468 8
469 9
470 8
471 8
472 8
473 8
474 9
475 9
476 8
477 8
478 7
479 7
480 8
481 7
482 6
483 7
484 8
485 9
486 6
487 5
488 5
489 5
490 6
491 4
492 3
493 3
494 3
495 3
496 4
497 5
498 6
499 5
500 6
501 6
502 6
503 7
504 6
505 6
506 6
507 6
508 6
509 7
510 7
511 8
512 6
513 7
514 7
515 8
516 9
517 8
518 7
519 8
520 8
521 7
522 7
523 8
524 9
525 8
526 9
527 10
528 11
529 12
530 12
531 11
532 12
533 12
534 13
535 13
536 14
537 13
538 14
539 15
540 15
541 16
542 17
543 17
544 17
545 17
546 16
547 17
548 18
549 19
550 18
551 19
552 18
553 17
554 17
555 18
556 17
557 16
558 15
559 15
560 15
561 15
562 16
563 17
564 18
565 17
566 18
567 18
568 19
569 18
570 15
571 16
572 17
573 17
574 18
575 19
576 19
577 19
578 19
579 16
580 17
581 17
582 18
583 15
584 15
585 14
586 14
587 15
588 15
589 14
590 15
591 15
592 16
593 16
594 16
595 16
596 17
597 17
598 16
599 16
600 15
601 16
602 14
603 13
604 13
605 14
606 15
607 15
608 15
609 15
610 15
611 16
612 16
613 17
614 18
615 18
616 19
617 19
618 17
619 18
620 15
621 15
622 15
623 16
624 16
625 17
626 17
627 18
628 15
629 14
630 15
631 15
632 15
633 15
634 16
635 14
636 14
637 15
638 15
639 13
640 14
641 13
642 12
643 12
644 12
645 11
646 11
647 11
648 12
649 11
650 11
651 12
652 12
653 12
654 10
655 9
656 10
657 10
658 10
659 9
660 10
661 10
662 10
663 11
664 10
665 8
666 8
667 9
668 9
669 8
670 9
671 8
672 9
673 9
674 10
675 11
676 11
677 11
678 12
679 12
680 12
681 12
682 12
683 12
684 13
685 13
686 12
687 10
688 11
689 12
690 12
691 13
692 12
693 13
694 14
695 15
696 15
697 14
698 15
699 15
700 16
701 16
702 16
703 17
704 13
705 13
706 13
707 13
708 14
709 14
710 15
711 16
712 16
713 17
714 16
715 17
716 18
717 18
718 18
719 19
720 20
721 20
722 21
723 21
724 21
725 21
726 21
727 22
728 21
729 22
730 21
731 17
732 14
733 13
734 14
735 14
736 10
737 10
738 10
739 11
740 9
741 9
742 10
743 11
744 10
745 11
746 11
747 10
748 11
749 12
750 12
751 12
752 13
753 14
754 13
755 14
756 14
757 15
758 15
759 10
760 10
761 9
762 10
763 11
764 10
765 10
766 10
767 11
768 11
769 10
770 7
771 7
772 4
773 3
774 3
775 4
776 1
777 1
778 1
779 0
780 1
781 2
782 2
783 3
784 4
785 4
786 5
787 5
788 6
789 6
790 7
791 7
792 7
793 8
794 8
795 8
796 8
797 7
798 8
799 7
800 7
801 7
802 7
803 7
804 6
805 6
806 6
807 6
808 7
809 7
810 7
811 5
812 6
813 6
814 7
815 8
816 8
817 8
818 8
819 9
820 10
821 9
822 10
823 10
824 10
825 10
826 8
827 8
828 7
829 7
830 7
831 7
832 8
833 8
834 9
835 10
836 11
837 11
838 11
839 9
840 9
841 9
842 10
843 9
844 10
845 11
846 10
847 6
848 4
849 5
850 5
851 6
852 4
853 3
854 2
855 3
856 2
857 3
858 4
859 1
860 2
861 3
862 3
863 3
864 1
865 0
866 2
867 1
868 1
869 1
870 1
871 0
872 0
873 0
874 0
875 1
876 0
877 0
878 0
879 1
880 1
881 0
882 1
883 0
884 1
885 3
886 3
887 4
888 6
889 6
890 6
891 6
892 8
893 7
894 7
895 6
896 5
897 5
898 5
899 5
900 6
901 7
902 6
903 8
904 8
905 7
906 8
907 8
908 7
909 7
910 6
911 6
912 5
913 4
914 5
915 4
916 4
917 3
918 2
919 1
920 1
921 1
922 2
923 2
924 2
925 1
926 1
927 1
928 2
929 1
930 1
931 2
932 4
933 4
934 3
935 6
936 6
937 6
938 5
939 4
940 4
941 4
942 4
943 3
944 5
945 4
946 4
947 3
948 4
949 5
950 6
951 5
952 5
953 6
954 5
955 6
956 5
957 5
958 4
959 4
960 3
961 3
962 6
963 7
964 7
965 7
966 7
967 6
968 5
969 5
970 4
971 7
972 7
973 7
974 6
975 9
976 8
977 7
978 7
979 6
980 6
981 5
982 5
983 5
984 5
985 4
986 3
987 3
988 2
989 1
990 2
991 2
992 3
993 2
994 2
995 1
996 1
997 1
998 0
999 0
